MEME version 4

ALPHABET= ACGT

strands: + -

Background letter frequencies (from uniform):
A 0.25 C 0.25 G 0.25 T 0.25

MOTIF HOCOMOCOv11$AHR_HUMAN.H11MO.0.B
letter-probability matrix: alength= 4 w= 9 nsites= 154
0.26314477735061276	0.11859745819448689	0.36641340309888065	0.25184436135601973
0.07065186803239253	0.07710428433167413	0.2251456131484061	0.6270982344875272
0.14105450572642986	0.2850314719772257	0.13449544731512686	0.4394185749812176
0.0165402342545919	0.008555293579961341	0.9474208905975482	0.027483581567898402
0.0	0.9766155308814389	0.009695999390622859	0.013688469727938113
0.022350405419921632	0.005133176147976808	0.9702350068107785	0.0022814116213230235
0.0	0.02235040541992163	0.004562823242646056	0.9730867713374324
0.0	0.0	1.0	0.0
0.279810224889837	0.43437346977265195	0.10496230952256	0.180853995814951
URL http://hocomoco.autosome.ru/motif/AHR_HUMAN.H11MO.0.B

MOTIF HOCOMOCOv11$AIRE_HUMAN.H11MO.0.C
letter-probability matrix: alength= 4 w= 18 nsites= 41
0.39772727272727304	0.261363636363636	0.125	0.21590909090909102
0.181818181818182	0.181818181818182	0.136363636363636	0.5
0.1363636363636361	0.1363636363636361	0.2045454545454552	0.5227272727272725
0.04545454545454543	0.0	0.8863636363636365	0.06818181818181825
0.0	0.0	0.8181818181818178	0.18181818181818218
0.3181818181818183	0.04545454545454544	0.02272727272727272	0.6136363636363635
0.3863636363636362	0.09090909090909095	0.022727272727272714	0.5000000000000002
0.363636363636364	0.136363636363636	0.136363636363636	0.363636363636364
0.34090909090909094	0.06818181818181819	0.13636363636363596	0.45454545454545486
0.522727272727273	0.09090909090909091	0.13636363636363602	0.25000000000000006
0.38636363636363613	0.04545454545454542	0.06818181818181823	0.5000000000000002
0.22727272727272718	0.1363636363636361	0.06818181818181826	0.5681818181818185
0.0	0.022727272727272714	0.8863636363636365	0.09090909090909095
0.0	0.0	0.9772727272727273	0.02272727272727273
0.22727272727272704	0.09090909090909091	0.25000000000000006	0.4318181818181821
0.06818181818181819	0.18181818181818196	0.18181818181818196	0.5681818181818179
0.45454545454545414	0.02272727272727271	0.15909090909090906	0.3636363636363641
0.403409090909091	0.267045454545455	0.10795454545454498	0.221590909090909
URL http://hocomoco.autosome.ru/motif/AIRE_HUMAN.H11MO.0.C

MOTIF HOCOMOCOv11$ALX1_HUMAN.H11MO.0.B
letter-probability matrix: alength= 4 w= 12 nsites= 31
0.4368327402135231	0.20907473309608504	0.2731316725978651	0.08096085409252671
0.06405693950177944	0.09608540925266906	0.0	0.8398576512455516
0.7722419928825621	0.03202846975088971	0.09964412811387902	0.09608540925266901
0.8683274021352312	0.06405693950177943	0.0	0.06761565836298931
0.0	0.09608540925266908	0.0	0.9039145907473308
0.03202846975088968	0.22775800711743782	0.12811387900355892	0.6120996441281136
0.483985765124555	0.0	0.516014234875445	0.0
0.35587188612099646	0.25622775800711733	0.35587188612099646	0.032028469750889736
0.775800711743772	0.0	0.128113879003559	0.096085409252669
0.09964412811387904	0.0	0.032028469750889715	0.8683274021352313
0.06405693950177942	0.03202846975088971	0.03202846975088971	0.8718861209964411
0.8291814946619216	0.056939501779359435	0.056939501779359435	0.056939501779359435
URL http://hocomoco.autosome.ru/motif/ALX1_HUMAN.H11MO.0.B

MOTIF HOCOMOCOv11$ALX3_HUMAN.H11MO.0.D
letter-probability matrix: alength= 4 w= 11 nsites= 8236
0.05935284133289055	0.02928552824089251	0.012537936909518804	0.8988236935166982
0.9352622346781404	0.0008814521753354603	0.01273208697706778	0.05112422616945633
0.9998286065214624	2.4484782648207464e-05	0.00012242391324103732	2.4484782648207464e-05
0.0004896956529641491	0.004015504354306024	0.00019587826118565963	0.9952989217315442
0.0068557391414979536	0.10978976539455912	0.016649652200780782	0.8667048432631622
0.7032375215291824	0.0016649652200780198	0.2950975132507397	0.0
0.47689875260727393	0.08944463920753194	0.41218172560908073	0.0214748825761133
0.6584482313628045	0.15869249904584176	0.13212334355699604	0.05073592603435766
0.022456002075679618	0.020301341202637376	0.01883225424374493	0.938410402477938
0.1712235231808149	0.06121714120142748	0.03046425419527968	0.7370950814224779
0.8005455224258016	0.045623791041793815	0.05737648671293323	0.09645419981947122
URL http://hocomoco.autosome.ru/motif/ALX3_HUMAN.H11MO.0.D

MOTIF HOCOMOCOv11$ALX4_HUMAN.H11MO.0.D
letter-probability matrix: alength= 4 w= 12 nsites= 23223
0.16668483910875698	0.31412907983739835	0.13849275269788816	0.3806933283559565
0.00484241574038156	0.0016288446138924121	0.0010168715073605858	0.9925118681383654
0.9959157927423956	0.00017113913918917083	0.0008371936747911085	0.0030758744436241606
0.9999323982136622	1.3520357267527495e-05	4.056107180258249e-05	1.3520357267527495e-05
0.0	0.0003415659611812779	5.408142907011001e-05	0.9996043526097487
0.0003330272678009626	0.04412326827133198	0.0006845565567566706	0.9548591479041103
0.7851163083507484	0.0	0.21488369164925164	0.0
0.5914154048323693	0.017993426676038742	0.38955650728027386	0.0010346612113180651
0.9524596770996601	0.00913689629633752	0.0295184354318606	0.008884991172141716
0.002640734457365777	0.0036298529329942455	0.0024969921913101938	0.9912324204183297
0.015396451883127493	0.009984053298903048	0.0038671715023730437	0.9707523233155965
0.980309768486883	0.004946663132184052	0.005431971359420911	0.009311597021511984
URL http://hocomoco.autosome.ru/motif/ALX4_HUMAN.H11MO.0.D

MOTIF HOCOMOCOv11$ANDR_HUMAN.H11MO.0.A
letter-probability matrix: alength= 4 w= 18 nsites= 499
0.14829659318637273	0.07014028056112225	0.036072144288577156	0.7454909819639278
0.06212424849699399	0.04809619238476954	0.7775551102204409	0.11222444889779559
0.06813627254509019	0.06613226452905813	0.014028056112224449	0.8517034068136272
0.18837675350701402	0.1723446893787575	0.14428857715430862	0.4949899799599198
0.07815631262525051	0.7334669338677355	0.036072144288577156	0.1523046092184369
0.1222444889779559	0.2785571142284569	0.03206412825651302	0.5671342685370742
0.18036072144288576	0.1342685370741483	0.19639278557114226	0.4889779559118236
0.19839679358717432	0.1783567134268537	0.2164328657314629	0.406813627254509
0.17635270541082163	0.19238476953907815	0.2224448897795591	0.40881763527054105
0.2004008016032064	0.2565130260521042	0.12024048096192383	0.4228456913827655
0.07214428857715431	0.014028056112224449	0.014028056112224449	0.8997995991983968
0.2545090180360721	0.030060120240480957	0.691382765531062	0.02404809619238477
0.028056112224448898	0.022044088176352707	0.020040080160320644	0.9298597194388778
0.018036072144288578	0.006012024048096193	0.09819639278557114	0.8777555110220441
0.008016032064128258	0.008016032064128258	0.06412825651302606	0.9198396793587175
0.4208416833667335	0.028056112224448898	0.49498997995991983	0.056112224448897796
0.08617234468937875	0.5250501002004008	0.04809619238476954	0.34068136272545085
0.2905811623246493	0.15831663326653306	0.05410821643286572	0.49699398797595185
URL http://hocomoco.autosome.ru/motif/ANDR_HUMAN.H11MO.0.A

MOTIF HOCOMOCOv11$ANDR_HUMAN.H11MO.1.A
letter-probability matrix: alength= 4 w= 16 nsites= 500
0.362	0.024	0.456	0.158
0.108	0.026000000000000002	0.808	0.058
0.372	0.21	0.224	0.194
0.8260000000000001	0.05	0.05	0.07400000000000001
0.002	0.932	0.03	0.036000000000000004
0.6980000000000001	0.024	0.078	0.2
0.12599999999999997	0.22999999999999998	0.352	0.292
0.0	0.0	0.38399999999999995	0.616
0.116	0.35600000000000004	0.4	0.128
0.146	0.066	0.013999999999999999	0.7739999999999999
0.004	0.032	0.962	0.002
0.08600000000000001	0.042	0.022000000000000002	0.85
0.21	0.16999999999999998	0.19399999999999998	0.42599999999999993
0.07400000000000001	0.806	0.006000000000000001	0.114
0.092	0.412	0.013999999999999999	0.48199999999999993
0.142	0.262	0.19599999999999998	0.39999999999999997
URL http://hocomoco.autosome.ru/motif/ANDR_HUMAN.H11MO.1.A

MOTIF HOCOMOCOv11$ANDR_HUMAN.H11MO.2.A
letter-probability matrix: alength= 4 w= 12 nsites= 500
0.13999999999999999	0.324	0.24199999999999997	0.294
0.248	0.13	0.11800000000000001	0.504
0.13799999999999998	0.38999999999999996	0.318	0.154
0.046	0.016	0.002	0.936
0.006000000000000001	0.02	0.97	0.004
0.01	0.012	0.002	0.976
0.05399999999999999	0.11999999999999998	0.18799999999999997	0.638
0.0	0.984	0.006000000000000001	0.01
0.027999999999999997	0.40599999999999997	0.004	0.5619999999999999
0.172	0.23799999999999996	0.11399999999999999	0.4759999999999999
0.186	0.13999999999999999	0.27	0.40399999999999997
0.12199999999999998	0.21799999999999997	0.24199999999999997	0.418
URL http://hocomoco.autosome.ru/motif/ANDR_HUMAN.H11MO.2.A

MOTIF HOCOMOCOv11$AP2A_HUMAN.H11MO.0.A
letter-probability matrix: alength= 4 w= 15 nsites= 500
0.4161567831867409	0.18536390378570514	0.1931263379309937	0.2053529750965602
0.23111743297828644	0.09112058200265233	0.1346690372132377	0.5430929478058235
0.176760820251447	0.0943987013346236	0.4702264521454166	0.2586140262685129
0.01083349347589429	0.5206049578776308	0.43144925314849164	0.03711229549798323
0.0	1.0	0.0	0.0
0.0	0.9009731385955804	0.0	0.0990268614044197
0.050938521732264756	0.11130533543405674	0.01278467543301561	0.8249714674006629
0.0018385570176808407	0.0	0.7965664620978268	0.20159498088449246
0.5353335673326816	0.03858749906693436	0.40923637246787997	0.016842561132504066
0.14215888890918374	0.0	0.8560860377125398	0.0017550733782764794
0.0	0.0	1.0	0.0
0.04786472575512104	0.5561188743824665	0.3799974224383193	0.01601897742409312
0.30825409769984236	0.38163599942465926	0.0917398109438201	0.21837009193167836
0.5130410781371756	0.09342080591545962	0.204258006230773	0.18928010971659176
0.23852009222916265	0.14889302969571896	0.20839739686739764	0.40418948120772075
URL http://hocomoco.autosome.ru/motif/AP2A_HUMAN.H11MO.0.A

MOTIF HOCOMOCOv11$AP2B_HUMAN.H11MO.0.B
letter-probability matrix: alength= 4 w= 10 nsites= 28
0.039525691699604716	0.0	0.7826086956521743	0.1778656126482211
0.0	0.648221343873518	0.245059288537549	0.106719367588933
0.0	0.9644268774703557	0.0	0.03557312252964432
0.11462450592885388	0.5731225296442685	0.0	0.3122529644268777
0.07509881422924895	0.035573122529644285	0.8893280632411067	0.0
0.32806324110671903	0.31620553359683806	0.355731225296443	0.0
0.07114624505928853	0.03557312252964432	0.8537549407114624	0.03952569169960472
0.0	0.0	1.0	0.0
0.19071146245059298	0.12351778656126498	0.676877470355731	0.008893280632411068
0.22233201581027676	0.44762845849802346	0.25395256916996073	0.07608695652173901
URL http://hocomoco.autosome.ru/motif/AP2B_HUMAN.H11MO.0.B

MOTIF HOCOMOCOv11$AP2C_HUMAN.H11MO.0.A
letter-probability matrix: alength= 4 w= 14 nsites= 500
0.38722787987932467	0.20103016769581256	0.26956672580688906	0.14217522661797372
0.19607496273849004	0.12359838450430681	0.16640032435035887	0.5139263284068443
0.18459640065174898	0.0997721178417108	0.5184298430730782	0.19720163843346208
0.009534797227499787	0.5070395615663533	0.4718926280976438	0.011533013108503078
0.0038036091860877484	0.9882833024207405	0.007913088393171678	0.0
0.0018682284055563621	0.9518227025697734	0.0023448434895662076	0.04396422553510403
0.050015231957813475	0.1318661342229191	0.025377129009998146	0.7927415048092693
0.03536422122461564	0.0	0.9172087782166166	0.04742700055876767
0.5550373231098675	0.025398659959248893	0.4158373645158166	0.0037266524150671196
0.07344062259260374	0.0	0.9245885752090673	0.0019708021983289086
0.0	0.0	0.9981165247948123	0.0018834752051877298
0.028931553962356926	0.618247334601242	0.3410171205170123	0.01180399091938864
0.3139260626836927	0.35153926434113636	0.09715230484913887	0.23738236812603217
0.428275676168868	0.1705201638901418	0.24166819522885402	0.1595359647121361
URL http://hocomoco.autosome.ru/motif/AP2C_HUMAN.H11MO.0.A

MOTIF HOCOMOCOv11$AP2D_HUMAN.H11MO.0.D
letter-probability matrix: alength= 4 w= 14 nsites= 5
0.23255813953488388	0.48837209302325574	0.23255813953488388	0.04651162790697668
0.0	0.0	1.0	0.0
0.0	0.627906976744186	0.186046511627907	0.186046511627907
0.0	1.0	0.0	0.0
0.0	0.604651162790698	0.0	0.395348837209302
0.0	0.0	1.0	0.0
0.395348837209302	0.232558139534884	0.372093023255814	0.0
0.0	0.0	1.0	0.0
0.0	0.0	1.0	0.0
0.0	0.813953488372093	0.186046511627907	0.0
0.186046511627907	0.232558139534884	0.395348837209302	0.186046511627907
0.0	0.813953488372093	0.186046511627907	0.0
0.0	0.186046511627907	0.813953488372093	0.0
0.04651162790697669	0.2325581395348839	0.04651162790697669	0.6744186046511628
URL http://hocomoco.autosome.ru/motif/AP2D_HUMAN.H11MO.0.D

MOTIF HOCOMOCOv11$ARI3A_HUMAN.H11MO.0.D
letter-probability matrix: alength= 4 w= 22 nsites= 44
0.39064234359494804	0.09631028690080781	0.32582799169434506	0.18721937780989906
0.6818181818181821	0.09090909090909093	0.0	0.22727272727272704
0.112513874875959	0.0	0.0	0.8874861251240409
0.157968420330504	0.0	0.0	0.842031579669496
0.9545454545454546	0.04545454545454542	0.0	0.0
0.9329406705785869	0.0670593294214132	0.0	0.0
0.47615023851232213	0.0	0.023849761487677704	0.5000000000000001
0.0	0.40909090909090906	0.22727272727272704	0.363636363636364
0.29433205669414003	0.181818181818182	0.4329406705785871	0.09090909090909093
0.49999999999999994	0.04545454545454539	0.36363636363636387	0.0909090909090909
0.4545454545454542	0.04545454545454542	0.1579684203305041	0.34203157966949616
0.7295177047935371	0.0	0.09090909090909093	0.17957320429737203
0.1363636363636361	0.04545454545454544	0.09090909090909098	0.7272727272727275
0.1602133978513141	0.5693043069422233	0.045454545454545435	0.22502774975191714
0.7272727272727271	0.0	0.0	0.27272727272727304
0.7511224887604047	0.04545454545454538	0.0	0.2034229657850499
0.9545454545454546	0.0	0.0	0.04545454545454542
0.4090909090909092	0.0	0.045454545454545435	0.5454545454545453
0.11475885239676901	0.13636363636363602	0.09090909090909093	0.6579684203305041
0.5216047839668682	0.13636363636363602	0.023849761487677704	0.31818181818181807
0.6125138748759589	0.06930430694222318	0.0	0.31818181818181795
0.665614593843031	0.00540119599171693	0.0747055029339401	0.254278707231312
URL http://hocomoco.autosome.ru/motif/ARI3A_HUMAN.H11MO.0.D

MOTIF HOCOMOCOv11$ARI5B_HUMAN.H11MO.0.C
letter-probability matrix: alength= 4 w= 13 nsites= 15
0.21666666666666695	0.08333333333333327	0.34999999999999987	0.34999999999999987
0.133333333333333	0.266666666666667	0.4	0.2
0.0	0.2666666666666667	0.1999999999999998	0.5333333333333334
0.0	0.133333333333333	0.333333333333333	0.533333333333334
0.3333333333333331	0.06666666666666672	0.3333333333333331	0.2666666666666671
0.19999999999999996	0.06666666666666668	0.6666666666666667	0.06666666666666668
0.0	0.0	0.0	1.0
0.866666666666667	0.0	0.133333333333333	0.0
0.0	0.133333333333333	0.0	0.866666666666667
0.0	0.06666666666666667	0.06666666666666667	0.8666666666666666
0.13333333333333305	0.2666666666666671	0.5333333333333332	0.06666666666666672
0.1333333333333329	0.06666666666666665	0.26666666666666683	0.5333333333333337
0.25	0.116666666666667	0.45	0.183333333333333
URL http://hocomoco.autosome.ru/motif/ARI5B_HUMAN.H11MO.0.C

MOTIF HOCOMOCOv11$ARNT2_HUMAN.H11MO.0.D
letter-probability matrix: alength= 4 w= 12 nsites= 18
0.19325153374233112	0.08282208588957056	0.5858895705521473	0.1380368098159511
0.16564417177914117	0.28220858895705525	0.33128834355828235	0.22085889570552122
0.0	0.6625766871165647	0.22085889570552122	0.11656441717791412
0.0	0.05521472392638038	0.9447852760736196	0.0
0.0	0.0	0.05521472392638038	0.9447852760736196
0.0	0.05521472392638038	0.9447852760736196	0.0
0.05521472392638039	0.0	0.8834355828220859	0.061349693251533687
0.165644171779141	0.331288343558282	0.392638036809816	0.110429447852761
0.558282208588957	0.0	0.276073619631902	0.165644171779141
0.0	0.331288343558282	0.558282208588957	0.110429447852761
0.392638036809816	0.0	0.49693251533742294	0.110429447852761
0.13803680981595107	0.5858895705521472	0.1932515337423311	0.08282208588957053
URL http://hocomoco.autosome.ru/motif/ARNT2_HUMAN.H11MO.0.D

MOTIF HOCOMOCOv11$ARNT_HUMAN.H11MO.0.B
letter-probability matrix: alength= 4 w= 9 nsites= 500
0.152	0.284	0.42999999999999994	0.134
0.13799999999999998	0.074	0.24199999999999997	0.546
0.7020000000000001	0.03	0.246	0.022000000000000002
0.01	0.948	0.002	0.04
0.006000000000000001	0.002	0.99	0.002
0.0	0.0	0.002	0.998
0.0	0.006000000000000001	0.992	0.002
0.356	0.526	0.023999999999999997	0.09399999999999999
0.154	0.502	0.14400000000000002	0.2
URL http://hocomoco.autosome.ru/motif/ARNT_HUMAN.H11MO.0.B

MOTIF HOCOMOCOv11$ARX_HUMAN.H11MO.0.D
letter-probability matrix: alength= 4 w= 13 nsites= 623
0.1544583086588278	0.28151179300135654	0.15443450170019005	0.40959539663962563
0.05971896548775657	0.057563499061727474	0.05648576584871292	0.826231769601803
0.9650212844943027	0.004849799458565469	0.01668105784308775	0.01344785820404411
0.9728348502886581	0.004041499548804556	0.01800441740071819	0.005119232761819104
0.00404149954880456	0.0793399827079965	0.006196965974833659	0.9104215517683654
0.00026943330325363815	0.4061701363129	0.0260874164983274	0.567473013885519
0.0002694333032536379	0.2585683000471801	0.0013471665162681893	0.7398151001332981
0.9421194537177434	0.001347166516268186	0.05518621324972012	0.001347166516268186
0.9970362336642099	0.00026943330325363696	0.00026943330325363696	0.002424899729282733
0.0008082999097609109	0.0008082999097609109	0.0008082999097609109	0.9975751002707172
0.017219924449595022	0.0010777332130145483	0.0010777332130145483	0.980624609124376
0.7459033297756829	0.08254342364874329	0.08362115686175783	0.08793208971381605
0.3129819238250975	0.16652924164830674	0.37010178411486955	0.15038705041172615
URL http://hocomoco.autosome.ru/motif/ARX_HUMAN.H11MO.0.D

MOTIF HOCOMOCOv11$ASCL1_HUMAN.H11MO.0.A
letter-probability matrix: alength= 4 w= 14 nsites= 480
0.18958333333333335	0.4375	0.17500000000000002	0.19791666666666669
0.21874999999999997	0.2458333333333333	0.16041666666666665	0.37499999999999994
0.22083333333333333	0.25416666666666665	0.4270833333333333	0.09791666666666667
0.006250000000000001	0.98125	0.0041666666666666675	0.008333333333333335
0.98125	0.0041666666666666675	0.0	0.014583333333333334
0.00625	0.6145833333333333	0.3583333333333333	0.020833333333333332
0.008333333333333335	0.9791666666666666	0.0020833333333333337	0.010416666666666668
0.008333333333333335	0.0020833333333333337	0.0020833333333333337	0.9875
0.0041666666666666675	0.0041666666666666675	0.9770833333333333	0.014583333333333334
0.008333333333333335	0.78125	0.08333333333333334	0.12708333333333333
0.08125	0.42083333333333334	0.006250000000000001	0.49166666666666664
0.10208333333333333	0.3854166666666667	0.275	0.2375
0.13124999999999998	0.4916666666666666	0.09791666666666665	0.2791666666666667
0.16666666666666666	0.40624999999999994	0.15208333333333332	0.27499999999999997
URL http://hocomoco.autosome.ru/motif/ASCL1_HUMAN.H11MO.0.A

MOTIF HOCOMOCOv11$ASCL2_HUMAN.H11MO.0.D
letter-probability matrix: alength= 4 w= 9 nsites= 499
0.2625250501002004	0.35270541082164325	0.33867735470941884	0.04609218436873747
0.0020040080160320644	0.9899799599198397	0.004008016032064129	0.004008016032064129
0.9859719438877755	0.006012024048096193	0.0020040080160320644	0.006012024048096193
0.006012024048096193	0.35270541082164325	0.5871743486973948	0.05410821643286572
0.014028056112224449	0.9799599198396793	0.0020040080160320644	0.004008016032064129
0.004008016032064129	0.004008016032064129	0.0	0.9919839679358717
0.0020040080160320644	0.010020040080160322	0.9639278557114228	0.02404809619238477
0.006012024048096193	0.8677354709418837	0.014028056112224449	0.11222444889779559
0.10220440881763526	0.29458917835671344	0.008016032064128256	0.595190380761523
URL http://hocomoco.autosome.ru/motif/ASCL2_HUMAN.H11MO.0.D

MOTIF HOCOMOCOv11$ATF1_HUMAN.H11MO.0.B
letter-probability matrix: alength= 4 w= 11 nsites= 500
0.28800000000000003	0.36000000000000004	0.158	0.194
0.35800000000000004	0.114	0.362	0.166
0.35200000000000004	0.106	0.51	0.032
0.018000000000000002	0.006000000000000001	0.032	0.9440000000000001
0.02	0.01	0.952	0.018000000000000002
0.946	0.01	0.016	0.028
0.032	0.8300000000000001	0.054	0.084
0.024	0.016	0.876	0.084
0.078	0.318	0.016	0.588
0.28800000000000003	0.466	0.14400000000000002	0.10200000000000001
0.536	0.114	0.186	0.164
URL http://hocomoco.autosome.ru/motif/ATF1_HUMAN.H11MO.0.B

MOTIF HOCOMOCOv11$ATF2_HUMAN.H11MO.0.B
letter-probability matrix: alength= 4 w= 11 nsites= 500
0.316	0.08800000000000001	0.464	0.132
0.424	0.16599999999999998	0.38399999999999995	0.026
0.02	0.024	0.012	0.9440000000000001
0.016	0.014	0.9400000000000001	0.03
0.904	0.012	0.014	0.07
0.034	0.362	0.24799999999999997	0.356
0.002	0.042	0.934	0.022000000000000002
0.126	0.07200000000000001	0.026000000000000002	0.776
0.158	0.776	0.036000000000000004	0.03
0.876	0.018000000000000002	0.064	0.042
0.06199999999999999	0.25399999999999995	0.184	0.49999999999999994
URL http://hocomoco.autosome.ru/motif/ATF2_HUMAN.H11MO.0.B

MOTIF HOCOMOCOv11$ATF2_HUMAN.H11MO.1.B
letter-probability matrix: alength= 4 w= 20 nsites= 1293
0.39211136890951337	0.11910286156225777	0.13534416086620216	0.35344160866202673
0.3720030935808203	0.10440835266821284	0.21423047177107488	0.309358081979892
0.4137664346481053	0.10131477184841402	0.21113689095127616	0.2737819025522045
0.255993812838361	0.12219644238205697	0.18716163959783466	0.43464810518174746
0.2807424593967544	0.0719257540603251	0.5661252900231987	0.08120649651972185
0.9118329466357289	0.0007733952049497475	0.085073472544472	0.0023201856148492425
0.0	0.0	0.0	1.0
0.0	0.0	0.9992266047950503	0.0007733952049497507
1.0	0.0	0.0	0.0
0.0	0.13611755607115497	0.03402938901778876	0.8298530549110562
0.0007733952049497507	0.0	0.9992266047950503	0.0
0.0	0.0	0.0	1.0
0.030935808197989995	0.9675174013921105	0.0	0.0015467904098994988
1.0	0.0	0.0	0.0
0.0	0.05027068832173367	0.007733952049497486	0.9419953596287689
0.1299303944315549	0.5174013921113667	0.09976798143851513	0.25290023201856326
0.4292343387470995	0.1531322505800463	0.1554524361948955	0.26218097447795874
0.25986078886310965	0.1631863882443929	0.1407579273008506	0.43619489559164687
0.2196442382057243	0.13998453209590137	0.1430781129157003	0.4972931167826741
0.31167826759474115	0.13689095127610162	0.15854601701469412	0.3928847641144631
URL http://hocomoco.autosome.ru/motif/ATF2_HUMAN.H11MO.1.B

MOTIF HOCOMOCOv11$ATF2_HUMAN.H11MO.2.C
letter-probability matrix: alength= 4 w= 11 nsites= 381
0.3228346456692914	0.0866141732283463	0.5406824146981629	0.04986876640419941
0.5091863517060368	0.005249343832020988	0.48031496062992124	0.005249343832020988
0.0	0.0	0.0	1.0
0.0	0.0	1.0	0.0
1.0	0.0	0.0	0.0
0.0	0.994750656167979	0.0026246719160104934	0.0026246719160104934
0.0	0.0	1.0	0.0
0.0	0.0	0.0	1.0
0.1889763779527558	0.8110236220472443	0.0	0.0
0.9973753280839895	0.0	0.0026246719160104934	0.0
0.044619422572178435	0.46456692913385844	0.3569553805774279	0.13385826771653533
URL http://hocomoco.autosome.ru/motif/ATF2_HUMAN.H11MO.2.C

MOTIF HOCOMOCOv11$ATF3_HUMAN.H11MO.0.A
letter-probability matrix: alength= 4 w= 11 nsites= 500
0.22199999999999998	0.09	0.58	0.10799999999999998
0.256	0.027999999999999997	0.71	0.006
0.018000000000000002	0.042	0.008	0.932
0.01	0.478	0.508	0.004
0.9400000000000001	0.024	0.004	0.032
0.002	0.8140000000000001	0.042	0.14200000000000002
0.038000000000000006	0.018000000000000002	0.926	0.018000000000000002
0.027999999999999997	0.22399999999999998	0.008	0.74
0.266	0.16399999999999998	0.536	0.034
0.5760000000000001	0.10400000000000001	0.252	0.068
0.09399999999999999	0.296	0.27599999999999997	0.33399999999999996
URL http://hocomoco.autosome.ru/motif/ATF3_HUMAN.H11MO.0.A

MOTIF HOCOMOCOv11$ATF4_HUMAN.H11MO.0.A
letter-probability matrix: alength= 4 w= 12 nsites= 500
0.398	0.064	0.382	0.156
0.23600000000000002	0.186	0.394	0.184
0.534	0.32999999999999996	0.136	0.0
0.002	0.002	0.0	0.996
0.0	0.006000000000000001	0.978	0.016
0.98	0.006000000000000001	0.01	0.004
0.0	0.052000000000000005	0.006000000000000001	0.9420000000000001
0.0	0.006000000000000001	0.994	0.0
0.10200000000000001	0.802	0.002	0.094
0.994	0.006000000000000001	0.0	0.0
0.998	0.0	0.002	0.0
0.016	0.292	0.13	0.5619999999999999
URL http://hocomoco.autosome.ru/motif/ATF4_HUMAN.H11MO.0.A

MOTIF HOCOMOCOv11$ATF6A_HUMAN.H11MO.0.B
letter-probability matrix: alength= 4 w= 12 nsites= 20
0.18461538461538476	0.18461538461538476	0.5846153846153843	0.046153846153846045
0.0	0.215384615384615	0.323076923076923	0.461538461538462
0.0	0.261538461538462	0.6	0.138461538461538
0.09230769230769226	0.3999999999999998	0.4615384615384618	0.04615384615384607
0.0	0.030769230769230806	0.0	0.9692307692307691
0.0	0.046153846153846094	0.9538461538461538	0.0
0.923076923076923	0.0461538461538461	0.0	0.0307692307692308
0.0	1.0	0.0	0.0
0.0	0.0	1.0	0.0
0.0	0.0	0.0	1.0
0.0	0.09230769230769227	0.9076923076923077	0.0
0.09230769230769227	0.0	0.9076923076923077	0.0
URL http://hocomoco.autosome.ru/motif/ATF6A_HUMAN.H11MO.0.B

MOTIF HOCOMOCOv11$ATF7_HUMAN.H11MO.0.D
letter-probability matrix: alength= 4 w= 11 nsites= 12644
0.21735605820942738	0.08733391331857007	0.44703021195824105	0.24827981651376146
0.5708834229674153	0.004290572603606453	0.4184791205314774	0.006346883897500791
0.0005140778234735843	0.0005931667193925973	0.00438943372350522	0.9945033217336287
0.00039544447959506484	0.00031635558367605187	0.9860012654223347	0.013286934514394179
0.9953337551407783	7.908889591901297e-05	0.004508067067383739	7.908889591901297e-05
7.908889591901297e-05	0.9920120215121797	0.005536222714330908	0.002372666877570389
0.0005536222714330908	0.0	0.9994463777285669	0.0
7.908889591901297e-05	0.0	0.0033217336285985446	0.9965991774754824
0.18566118316988295	0.8122825055362227	0.001384055678582727	0.0006722556153116102
0.9975482442265106	0.00031635558367605187	0.0015817779183802593	0.0005536222714330908
0.00506168933881683	0.04705789307181272	0.027364757987978487	0.9205156596013919
URL http://hocomoco.autosome.ru/motif/ATF7_HUMAN.H11MO.0.D

MOTIF HOCOMOCOv11$ATOH1_HUMAN.H11MO.0.B
letter-probability matrix: alength= 4 w= 9 nsites= 500
0.534	0.041999999999999996	0.37799999999999995	0.046
0.324	0.154	0.522	0.0
0.002	0.996	0.002	0.0
0.998	0.0	0.0	0.002
0.0	0.008	0.974	0.018000000000000002
0.586	0.37999999999999995	0.034	0.0
0.018000000000000002	0.006000000000000001	0.002	0.974
0.002	0.0	0.99	0.008
0.032	0.11	0.7220000000000001	0.136
URL http://hocomoco.autosome.ru/motif/ATOH1_HUMAN.H11MO.0.B

MOTIF HOCOMOCOv11$BACH1_HUMAN.H11MO.0.A
letter-probability matrix: alength= 4 w= 13 nsites= 500
0.06281396647792144	0.16816501571357204	0.09751420921195812	0.6715068085965484
0.009158502402943552	0.0663882470846846	0.9224707929777255	0.001982457534646376
0.02086859382304058	0.9676691059648733	0.0039252358330896684	0.0075370643789964414
0.03617548349730601	0.07954911057064777	0.08010503915246077	0.8041703667795854
0.0038490170875203275	0.06131870514301696	0.8910156395125486	0.043816638256914196
0.8029310634061484	0.02057312781859885	0.12449759663192729	0.0519982121433254
0.013264217282370133	0.21485834164147802	0.7633253623929226	0.008552078683229157
0.006200823344533196	0.036136636010343844	0.14585683102739083	0.8118057096177322
0.016194377702172153	0.9438309705370267	0.03427357338347106	0.00570107837733011
0.7863887193678478	0.09580676095425514	0.08241977513528549	0.03538474454261158
0.009779276262837385	0.3342787749214673	0.25660695373536346	0.3993349950803319
0.1516085299826758	0.26555890474176774	0.3947212718566411	0.1881112934189154
0.10523573851565407	0.3785899472879071	0.37262503197580604	0.1435492822206328
URL http://hocomoco.autosome.ru/motif/BACH1_HUMAN.H11MO.0.A

MOTIF HOCOMOCOv11$BACH2_HUMAN.H11MO.0.A
letter-probability matrix: alength= 4 w= 11 nsites= 500
0.12199999999999998	0.09599999999999999	0.068	0.714
0.014	0.078	0.894	0.014
0.044000000000000004	0.924	0.012	0.02
0.078	0.038000000000000006	0.008	0.876
0.058	0.06	0.794	0.08800000000000001
0.758	0.038000000000000006	0.056	0.14800000000000002
0.044	0.22399999999999998	0.6699999999999999	0.06199999999999999
0.01	0.016	0.008	0.966
0.06	0.92	0.016	0.004
0.964	0.012	0.008	0.016
0.055999999999999994	0.32	0.212	0.412
URL http://hocomoco.autosome.ru/motif/BACH2_HUMAN.H11MO.0.A

MOTIF HOCOMOCOv11$BARH1_HUMAN.H11MO.0.D
letter-probability matrix: alength= 4 w= 13 nsites= 5682
0.00743576205561422	0.00039598732840549105	0.0005719816965857093	0.9915962689193946
0.9947201689545935	0.0	0.0005279831045406547	0.004751847940865892
0.9994720168954594	0.0	0.00035198873636043646	0.00017599436818021823
0.48380851812741993	0.003695881731784583	0.030623020063357972	0.4818725800774375
0.03537486800422387	0.4320661738824358	0.028335093277015135	0.5042238648363252
0.06511791622668074	0.0008799718409010912	0.914466737064414	0.019535374868004225
0.12953185498064063	0.3646603308694122	0.3137979584653291	0.1920098556846181
0.061950017599436816	0.357268567405843	0.06159802886307638	0.5191833861316438
0.16825061598028862	0.3368532206969377	0.32382963745160154	0.17106652587117213
0.21673706441393875	0.3399331221400915	0.08755719816965857	0.35577261527631115
0.12412002815909891	0.0593541006687786	0.021867300246392114	0.7946585709257303
0.7274287222808871	0.01729144667370644	0.01658746920098557	0.23869236184442097
0.8586765223512848	0.02006335797254488	0.019535374868004225	0.10172474480816614
URL http://hocomoco.autosome.ru/motif/BARH1_HUMAN.H11MO.0.D

MOTIF HOCOMOCOv11$BARH2_HUMAN.H11MO.0.D
letter-probability matrix: alength= 4 w= 18 nsites= 42825
0.22127717345262224	0.22962581569540227	0.4139794480987336	0.13511756275324177
0.1670573267939142	0.38505633857471	0.12135482042262147	0.3265315142087542
0.009023240969902195	0.006220911523664405	0.006058320090944156	0.9786975274154893
0.9884010852256632	0.000650365730881003	0.0014781039338204616	0.009470445109635156
0.9982817041769337	0.0007796998250902955	0.0006466704710464537	0.0002919255269295422
0.47616491282133067	0.0018069820590954364	0.03088502028107765	0.4911430848384962
0.016553207935930667	0.44779873725578206	0.016875745818075116	0.5187723089902122
0.02107857874160842	0.00169005623603789	0.9713939047603014	0.005837460262052285
0.20419157588540676	0.24764736427729098	0.3465989528312359	0.20156210700606647
0.056587380236392475	0.27545115998631375	0.062417177763666246	0.6055442820136275
0.14458485756520448	0.3834727445122082	0.29438259771672276	0.17755980020586443
0.21869127016180834	0.3793953939596508	0.13357955713258585	0.268333778745955
0.26855545522017327	0.12233270320322699	0.10111055375830151	0.5080012878182983
0.5225364166221665	0.020840098374723833	0.04981918122650125	0.4068043037766082
0.49037170899401417	0.01847909955555562	0.013729095961400083	0.47742009548903
0.419909911986651	0.032216324982200444	0.04966588635116982	0.49820787667997873
0.33649459543657106	0.18209792866560456	0.11801061080431091	0.3633968650935136
0.22819077150379782	0.15570579991313674	0.4354601483845264	0.18064328019853887
URL http://hocomoco.autosome.ru/motif/BARH2_HUMAN.H11MO.0.D

MOTIF HOCOMOCOv11$BARX1_HUMAN.H11MO.0.D
letter-probability matrix: alength= 4 w= 12 nsites= 461
0.09978308026030369	0.36225596529284165	0.26898047722342733	0.26898047722342733
0.3644251626898048	0.013015184381778741	0.04338394793926247	0.579175704989154
0.7570498915401301	0.1843817787418655	0.0455531453362256	0.013015184381778741
0.9587852494577006	0.0021691973969631237	0.008676789587852495	0.03036876355748373
0.039045553145336226	0.0455531453362256	0.29718004338394793	0.6182212581344902
0.0650759219088937	0.021691973969631236	0.42733188720173537	0.48590021691973967
0.08893709327548807	0.1475054229934924	0.7418655097613883	0.021691973969631236
0.0455531453362256	0.1561822125813449	0.03253796095444685	0.7657266811279827
0.06290672451193059	0.04121475054229935	0.03253796095444685	0.8633405639913232
0.01735357917570499	0.021691973969631236	0.04338394793926247	0.9175704989154013
0.1475054229934924	0.3297180043383948	0.07158351409978309	0.4511930585683297
0.1540130151843818	0.2603036876355748	0.07809110629067245	0.5075921908893709
URL http://hocomoco.autosome.ru/motif/BARX1_HUMAN.H11MO.0.D

MOTIF HOCOMOCOv11$BARX2_HUMAN.H11MO.0.D
letter-probability matrix: alength= 4 w= 10 nsites= 14
0.14173228346456693	0.14173228346456693	0.07086614173228346	0.6456692913385826
0.0	0.433070866141732	0.141732283464567	0.425196850393701
0.4251968503937009	0.14173228346456698	0.291338582677165	0.14173228346456698
0.283464566929134	0.149606299212598	0.0	0.566929133858268
0.0	0.0	0.0	1.0
0.9291338582677166	0.0	0.07086614173228355	0.0
1.0	0.0	0.0	0.0
0.0	0.0	0.0	1.0
0.0	0.07086614173228355	0.43307086614173224	0.49606299212598426
0.35433070866141697	0.0	0.503937007874016	0.14173228346456698
URL http://hocomoco.autosome.ru/motif/BARX2_HUMAN.H11MO.0.D

MOTIF HOCOMOCOv11$BATF3_HUMAN.H11MO.0.B
letter-probability matrix: alength= 4 w= 17 nsites= 500
0.172	0.354	0.206	0.268
0.484	0.056	0.244	0.216
0.03	0.39	0.502	0.078
0.03	0.016	0.014	0.9400000000000001
0.046	0.064	0.008	0.882
0.042	0.16	0.042	0.756
0.018000000000000002	0.856	0.02	0.106
0.502	0.17800000000000002	0.12	0.2
0.21	0.182	0.21799999999999997	0.38999999999999996
0.22999999999999998	0.041999999999999996	0.064	0.6639999999999999
0.48199999999999993	0.19799999999999998	0.055999999999999994	0.264
0.008	0.0	0.01	0.982
0.012	0.024	0.81	0.154
0.864	0.006000000000000001	0.042	0.08800000000000001
0.09999999999999999	0.46199999999999997	0.318	0.11999999999999998
0.25199999999999995	0.11999999999999998	0.146	0.48199999999999993
0.242	0.386	0.186	0.186
URL http://hocomoco.autosome.ru/motif/BATF3_HUMAN.H11MO.0.B

MOTIF HOCOMOCOv11$BATF_HUMAN.H11MO.0.A
letter-probability matrix: alength= 4 w= 18 nsites= 500
0.45199999999999996	0.078	0.264	0.206
0.048	0.4	0.34600000000000003	0.20600000000000002
0.012	0.018000000000000002	0.044000000000000004	0.926
0.134	0.32799999999999996	0.023999999999999997	0.514
0.086	0.23799999999999996	0.052	0.624
0.142	0.546	0.046	0.266
0.38	0.08600000000000001	0.396	0.138
0.37	0.11399999999999999	0.22999999999999998	0.286
0.33799999999999997	0.018	0.08399999999999999	0.5599999999999999
0.5780000000000001	0.158	0.022000000000000002	0.242
0.002	0.002	0.0	0.996
0.004	0.056	0.85	0.09000000000000001
0.978	0.008	0.012	0.002
0.104	0.5579999999999999	0.316	0.022
0.07200000000000001	0.03	0.02	0.878
0.212	0.508	0.212	0.068
0.6120000000000001	0.084	0.11	0.194
0.142	0.186	0.306	0.366
URL http://hocomoco.autosome.ru/motif/BATF_HUMAN.H11MO.0.A

MOTIF HOCOMOCOv11$BATF_HUMAN.H11MO.1.A
letter-probability matrix: alength= 4 w= 11 nsites= 500
0.324	0.068	0.392	0.216
0.5740000000000001	0.218	0.192	0.016
0.014	0.004	0.004	0.978
0.0	0.012	0.934	0.054
0.968	0.01	0.008	0.014
0.01	0.514	0.05399999999999999	0.422
0.027999999999999997	0.027999999999999997	0.43199999999999994	0.512
0.094	0.876	0.014	0.016
0.976	0.018000000000000002	0.0	0.006000000000000001
0.6100000000000001	0.056	0.14400000000000002	0.19
0.23799999999999996	0.284	0.09999999999999999	0.37799999999999995
URL http://hocomoco.autosome.ru/motif/BATF_HUMAN.H11MO.1.A

MOTIF HOCOMOCOv11$BC11A_HUMAN.H11MO.0.A
letter-probability matrix: alength= 4 w= 17 nsites= 500
0.37575529524866136	0.18461163229121472	0.2862017784529489	0.15343129400717503
0.5506399334364085	0.09944039343658076	0.22408899961016535	0.12583067351684535
0.5002143207709541	0.14234162807097858	0.23070998207640445	0.12673406908166296
0.590049663167603	0.016569688420650885	0.22604633820580655	0.16733431020593967
0.18742260351576667	0.16077848740848824	0.5804826180758048	0.07131629099994027
0.6645935915837344	0.014534547661321463	0.2693805231382425	0.051491337616701625
0.1040080052195345	0.014441329127484887	0.828666218305553	0.05288444734742768
0.20040701922923773	0.032728219489455486	0.7586481746376798	0.008216586643627115
0.8802237275552519	0.043083930721365585	0.04855719036198365	0.028135151361398714
0.867987375836269	0.005790813085135216	0.055505275110618355	0.07071653596797746
0.24839843125560693	0.2260417570194329	0.5021911906739079	0.02336862105105214
0.15013767387109334	0.15497320001405637	0.03151483558062445	0.6633742905342259
0.1178059638634684	0.07245682321214182	0.7602907849195273	0.04944642800486248
0.6588305672071494	0.06437592011290072	0.2506634266084105	0.026130086071539375
0.4588264413891986	0.1434316520837324	0.31017830186750794	0.08756360465956105
0.6227766292308643	0.07881074396078597	0.1572756051900455	0.14113702161830433
0.35900708400436	0.2046912692024919	0.31808961221658016	0.11821203457656795
URL http://hocomoco.autosome.ru/motif/BC11A_HUMAN.H11MO.0.A

MOTIF HOCOMOCOv11$BCL6B_HUMAN.H11MO.0.D
letter-probability matrix: alength= 4 w= 11 nsites= 66
0.3484848484848485	0.2727272727272727	0.16666666666666666	0.21212121212121213
0.045454545454545456	0.36363636363636365	0.015151515151515152	0.5757575757575758
0.06060606060606061	0.0	0.9242424242424242	0.015151515151515152
0.0	0.9696969696969697	0.0	0.030303030303030304
0.13636363636363635	0.0	0.0	0.8636363636363636
0.0	0.015151515151515152	0.0	0.9848484848484849
0.0	0.0	0.0	1.0
0.0	1.0	0.0	0.0
0.0	0.0	0.4393939393939394	0.5606060606060606
0.9734848484848485	0.003787878787878788	0.01893939393939394	0.003787878787878788
0.003787878787878788	0.003787878787878788	0.9886363636363636	0.003787878787878788
URL http://hocomoco.autosome.ru/motif/BCL6B_HUMAN.H11MO.0.D

MOTIF HOCOMOCOv11$BCL6_HUMAN.H11MO.0.A
letter-probability matrix: alength= 4 w= 13 nsites= 500
0.16	0.256	0.18999999999999997	0.39399999999999996
0.172	0.12599999999999997	0.414	0.288
0.14400000000000002	0.638	0.138	0.08
0.09399999999999999	0.22399999999999998	0.016	0.6659999999999999
0.038	0.18999999999999997	0.11199999999999999	0.6599999999999999
0.016	0.042	0.026000000000000002	0.916
0.006000000000000001	0.8300000000000001	0.02	0.14400000000000002
0.023999999999999997	0.43399999999999994	0.09399999999999999	0.44799999999999995
0.97	0.014	0.016	0.0
0.17200000000000001	0.002	0.772	0.054
0.026000000000000002	0.07	0.84	0.064
0.836	0.044000000000000004	0.084	0.036000000000000004
0.8200000000000001	0.054	0.07400000000000001	0.052000000000000005
URL http://hocomoco.autosome.ru/motif/BCL6_HUMAN.H11MO.0.A

MOTIF HOCOMOCOv11$BHA15_HUMAN.H11MO.0.B
letter-probability matrix: alength= 4 w= 11 nsites= 500
0.172	0.286	0.472	0.06999999999999999
0.152	0.44999999999999996	0.296	0.102
0.6880000000000001	0.068	0.2	0.044000000000000004
0.27999999999999997	0.10799999999999998	0.61	0.002
0.056	0.922	0.016	0.006000000000000001
0.984	0.004	0.01	0.002
0.006000000000000001	0.004	0.964	0.026000000000000002
0.054	0.878	0.064	0.004
0.026000000000000002	0.012	0.004	0.958
0.004	0.004	0.982	0.01
0.002	0.14800000000000002	0.634	0.216
URL http://hocomoco.autosome.ru/motif/BHA15_HUMAN.H11MO.0.B

MOTIF HOCOMOCOv11$BHE22_HUMAN.H11MO.0.D
letter-probability matrix: alength= 4 w= 13 nsites= 2246
0.5888245770258237	0.10707925200356189	0.19568121104185218	0.10841495992876224
0.3078806767586821	0.3817898486197685	0.21260017809439002	0.09772929652715939
0.0	1.0	0.0	0.0
0.9991095280498664	0.0	0.0008904719501335708	0.0
0.0	0.0	0.0	1.0
1.0	0.0	0.0	0.0
0.0	0.0	0.0	1.0
0.0	0.0	1.0	0.0
0.0	0.051647373107747106	0.1856634016028495	0.7626892252894034
0.006010685663401603	0.011798753339269812	0.006010685663401603	0.976179875333927
0.10719056099732859	0.11386910062333036	0.05955031166518255	0.7193900267141585
0.188780053428317	0.1892252894033838	0.10418521816562779	0.5178094390026714
0.1859973285841496	0.15928317008014248	0.14503561887800534	0.5096838824577026
URL http://hocomoco.autosome.ru/motif/BHE22_HUMAN.H11MO.0.D

MOTIF HOCOMOCOv11$BHE23_HUMAN.H11MO.0.D
letter-probability matrix: alength= 4 w= 12 nsites= 392
0.41262755102040816	0.09885204081632654	0.3284438775510204	0.1600765306122449
0.2385204081632653	0.19260204081632654	0.4017857142857143	0.16709183673469388
0.11798469387755102	0.49808673469387754	0.2659438775510204	0.11798469387755102
0.5771683673469388	0.03380102040816327	0.2889030612244898	0.10012755102040816
0.11224489795918367	0.02806122448979592	0.23979591836734693	0.6198979591836735
0.5688775510204082	0.017857142857142856	0.29081632653061223	0.12244897959183673
0.10459183673469388	0.002551020408163265	0.0	0.8928571428571429
0.0	0.0	1.0	0.0
0.012755102040816327	0.05612244897959184	0.6147959183673469	0.3163265306122449
